- Vertex Count: 21

Data:

 0.0  1.0  0.0  0.5  0.0  0.0  1.0  0.0
 0.5  0.866  0.0  0.75  0.25  0.5  0.866  0.0
 0.866  0.5  0.0  1.0  0.5  0.866  0.5  0.0
 1.0  0.0  0.0  1.0  0.5  1.0  0.0  0.0
 0.866  -0.5  0.0  0.75  0.75  0.866  -0.5  0.0
 0.5  -0.866  0.0  0.5  1.0  0.5  -0.866  0.0
 0.0  -1.0  0.0  0.25  1.0  0.0  -1.0  0.0
-0.5  -0.866  0.0  0.0  0.75  -0.5  -0.866  0.0
-0.866  -0.5  0.0  0.0  0.5  -0.866  -0.5  0.0
-1.0  0.0  0.0  0.0  0.5  -1.0  0.0  0.0
-0.866  0.5  0.0  0.25  0.25  -0.866  0.5  0.0
-0.5  0.866  0.0  0.5  0.0  -0.5  0.866  0.0
 0.0  0.0  1.0  0.5  0.5  0.0  0.0  1.0
 0.0  0.707  0.707  0.75  0.25  0.0  0.707  0.707
 0.5  0.5  0.707  1.0  0.5  0.5  0.5  0.707
 0.707  0.0  0.707  1.0  0.5  0.707  0.0  0.707
 0.5  -0.5  0.707  0.75  0.75  0.5  -0.5  0.707
 0.0  -0.707  0.707  0.5  1.0  0.0  -0.707  0.707
-0.5  -0.5  0.707  0.25  1.0  -0.5  -0.5  0.707
-0.707  0.0  0.707  0.0  0.5  -0.707  0.0  0.707
-0.5  0.5  0.707  0.25  0.25  -0.5  0.5  0.707